3
  1 3
4 2 5
7 8 6

=>4

3
2 1 3
5   4
7 8 6

=>14

3
2 1 3
5 4
7 8 6
=>15


3
2 1 3
4   5
7 8 6

=>Unsolvable


3
1 2 3
8   4
7 6 5
=>Unsolvable


3
1 2 3
5 6
7 8 4
=>13


3
  2 3
1 4 5
8 7 6
=>Unsolvable


3
  2 3
1 4 5
7 8 6
=>4


3
2   3
1 4 5
7 8 6
=>5



3
1 2 3
4 5 6
8 7
=>Unsolvable


3
1 7
3 8 4
2 6 5
=>28

3
7 4 8
6 1
5 2 3
=>25

3
7 2 4
6   5
8 3 1
=>Unsolvable

3
  3 8
4 1 7
2 6 5
=>24

4
15 2 1 12
8 5 6 11
4 9 10 7
3 14 13
=>Unsolvable


4
1 2 3 4
5 6 7 8
9 10 11 12
13 15 14
=>Unsolvable


4
1 2 3 4
5 6   8
9 10 7 11
13 14 15 12
=>3

4
3 2 12 7
1 11 4 15
5 10 8
13 6 9 14
=>31


4
11 5 2 3
1   10 4
6 13 8 12
14 9 15 7
=>30

4
1 7   9
3 13 4 8
5 11 2 15
12 14 10 6
=>46 CAN'T SOLVE


4
1 2 3 4
5 6 7
8 9 10 11
12 13 14 15
=>30




